[-0.0208, -0.020200000000000003, 0.0536, 0.024, 0.044800000000000006, -0.0176, 0.0166, 0.05280000000000001, -0.0912, 0.015200000000000002, -0.0884, 0.06380000000000001, -0.004, -0.09160000000000001, 0.0258, -0.0234, 8.0E-4, 0.0994, -0.0964, 0.08940000000000001, 0.01, 0.044, -0.018600000000000002, 0.0872, 0.057, -0.07540000000000001, -0.0898, -0.09, -0.0124, 0.023600000000000003, 0.06860000000000001, -0.0804, -0.004, -0.0902, 0.07560000000000001, 0.0068000000000000005, -0.0328, -0.036, -0.008400000000000001, -0.0956, 0.06960000000000001, -0.011600000000000001, 0.0678, -0.054, -0.0028000000000000004, 0.018600000000000002, 0.049800000000000004, 0.011200000000000002, -0.009, 0.08780000000000002, -0.0296, -0.0014000000000000002, 0.0674, 0.062, 0.099, 0.0728, -0.07980000000000001, -0.066, 0.045200000000000004, -0.027800000000000002, 0.0356, -0.0036, -0.037, 0.04, 0.05240000000000001, 8.0E-4, -0.0256, -0.09980000000000001, 0.0842, -0.043800000000000006, -0.0386, -0.0734, -0.092, 0.0548, -0.06720000000000001, 0.0362, 0.0324, 0.0678, 0.0946, -0.0234, 0.0082, 0.015200000000000002, -0.0482, -0.0176, 0.0992, -0.0082, 0.0708, -0.018400000000000003, 0.0862, -0.0094, -0.0592, -0.0586, 0.07740000000000001, 0.0454, -0.004600000000000001, 0.092, -0.0034000000000000002, -0.081, -0.0604, 0.06720000000000001, 0.07479999999999999, 0.028200000000000003, -0.0182, -0.044, 0.049, -0.0842, -0.0026, 0.09860000000000001, -0.084, 0.0128, -0.0496, 0.023600000000000003, 0.0284, -0.0562, -0.0234, 0.0792, -0.024, 0.0942, 0.0104, -0.0206, -0.08680000000000002, 0.049400000000000006, -0.0158, -0.0548, 0.013200000000000002, -0.029400000000000003, -0.04240000000000001, -0.049800000000000004, -0.082, -0.08760000000000001, -4.0E-4, 8.0E-4, 0.0526, 0.09140000000000001, 0.0058000000000000005, -0.0478, -0.0854, 0.09, -0.088, 0.051800000000000006, -0.050800000000000005, 0.0926, 0.0974, -0.027200000000000002, 0.004200000000000001, -0.0974, -0.0048000000000000004, 0.078, 0.08180000000000001, 0.0398, 0.0322, 0.0176, 0.0094, -0.0804, 0.009800000000000001, 0.056400000000000006, -0.0864, -0.0024000000000000002, 0.089, -0.0952, 0.06860000000000001, 0.084, 0.09620000000000001, 0.0352, -0.0762, 0.06760000000000001, 0.0832, -0.045, -0.056, 0.022200000000000004, -0.0922, 0.0502, -0.099, -0.09680000000000001, 0.0178, 0.0586, -0.087, 0.0068000000000000005, -0.0562, -0.08360000000000001, 0.0922, -0.0936, 0.029, -0.013600000000000001, -0.004600000000000001, 0.0316, -0.056, 0.019200000000000002, -0.031, -0.049400000000000006, 0.0776, 0.08880000000000002, -0.0644, 0.029400000000000003, 0.054400000000000004, -0.0248, 0.002, 0.036, 0.043, -0.0396, 0.083, 0.0772, 0.052, 0.032600000000000004, -0.062, -0.039200000000000006, 0.058, 0.0946, 0.031200000000000002, 0.008, -0.0412, 0.018, -0.044800000000000006, 0.0874, 0.0704, 0.0332, -0.0032, 0.0122, -0.093, -0.0238, 0.0606, 0.099, 0.0496, 0.09620000000000001, -0.009200000000000002, -0.08480000000000001, 0.091, 0.0258, -0.012600000000000002, -0.038, 0.0012000000000000001, -0.019600000000000003, -0.086, 0.067, 0.0206, 0.06620000000000001, 0.058800000000000005, -0.0964, 0.07260000000000001, 0.054400000000000004, -0.07479999999999999, 0.050800000000000005, 0.008400000000000001, 0.0478, 0.037399999999999996, -0.017400000000000002, 0.0658, -0.037399999999999996, 0.0536, -0.0364, 0.08, 0.0206, 0.08660000000000001, -0.07460000000000001, 4.0E-4, 0.0522, 0.047400000000000005, 0.0208, -0.05740000000000001, -0.039400000000000004, -0.0332, 0.031400000000000004, -2.0E-4, 0.07379999999999999, 0.036, -0.07840000000000001, -0.0048000000000000004, -0.0476, -0.06340000000000001, -0.09580000000000001, -0.05040000000000001, 0.0068000000000000005, -0.0216, -0.0572, -0.016, -0.016800000000000002, -0.09, 0.0104, -0.0038000000000000004, -0.026200000000000005, 0.0, 0.0842, -0.083, 0.025, 0.062, 0.0388, 0.099, 0.028]
[1.0]
[0.099, 0.048, -0.0496, 0.018400000000000003, 0.030600000000000002, 0.0606, 0.058, -0.012600000000000002, 0.0936, 0.0128, 0.06, -0.002, 0.0918, 0.0094, 0.0206, 0.0164]
[0.0, 0.0, 0.0, 0.0]
[1.0]
[0.0, 0.0, 0.0, 0.0]
[0.048400000000000006, -0.0718, -0.0396, 0.013800000000000002, 0.0216, 0.023200000000000002, 0.09960000000000001, -0.049400000000000006, -0.0048000000000000004, 0.044800000000000006, -0.06520000000000001, 0.0396, -0.0908, -0.0094, -0.06620000000000001, -0.029200000000000004, 0.001, -0.0694, -0.029400000000000003, -0.0354, -0.0526, 0.031400000000000004, -0.0024000000000000002, -0.06860000000000001, -0.0692, 0.024, 0.0522, -0.0956, -0.059800000000000006, -0.053, 0.0882, 0.054, -0.09440000000000001, 0.062400000000000004, -0.0344, -0.039]
[1.0]
[0.0, 0.0, 0.0, 0.0, 0.0, 0.0, 0.0, 0.0, 0.0]
[1.0]
[0.0, 0.0, 0.0, 0.0, 0.0, 0.0, 0.0, 0.0, 0.0, 0.0, 0.0, 0.0, 0.0, 0.0, 0.0, 0.0, 0.0, 0.0, 0.0, 0.0, 0.0, 0.0, 0.0, 0.0, 0.0, 0.0, 0.0, 0.0, 0.0, 0.0, 0.0, 0.0]
[-0.09580000000000001, -0.0592, 0.093, -0.034800000000000005, -0.0274, 0.004600000000000001, 4.0E-4, -0.017400000000000002, 0.0976, 0.0328, -0.008400000000000001, 0.0328, 0.049, 0.0198, 0.016800000000000002, -0.0144, -0.042800000000000005, -0.040400000000000005, -0.03780000000000001, 0.06420000000000001, 0.0834, -0.08120000000000001, 0.0918, -0.0908, -0.0718, 0.0142, 0.0604, -0.0158, -0.09580000000000001, -0.06380000000000001, 0.031, -0.0842, -0.0936, 0.0302, 0.0742, 0.0526, -0.054200000000000005, 0.004, 0.0142, 0.0734, 0.0912, 0.040400000000000005, -0.0892, -0.09820000000000001, 0.044, 0.0604, 0.041400000000000006, -0.0354, -0.07840000000000001, -0.0576, 0.0032, 0.0656, -0.0644, 0.07640000000000001, 0.0342, -0.0244, 0.033, -0.0684, -0.055400000000000005, 0.0698, 0.09340000000000001, -0.0412, 0.005600000000000001, 0.09960000000000001, -0.0086, -0.0204, 0.056600000000000004, 0.0014000000000000002, 0.09680000000000001, 0.004600000000000001, 0.07579999999999999, -0.038400000000000004, 0.0854, -0.088, 0.0038000000000000004, 0.0582, -0.036, 0.09160000000000001, 0.0064, -0.0656, -0.004600000000000001, 0.030600000000000002, -0.062400000000000004, -0.09580000000000001, 0.087, 0.06760000000000001, -0.034, 0.036, 0.036, -0.0902, 0.09880000000000001, -0.017, 0.07540000000000001, 0.089, 0.0284, 0.005600000000000001, 0.0912, -0.019, 0.058, 0.015, 0.089, 0.072, 0.098, 0.009, -0.06520000000000001, 0.0426, -0.009600000000000001, -0.0194, 0.032, 0.0244, -0.04440000000000001, 0.006, 0.0028000000000000004, -0.0626, 0.087, -0.049800000000000004, -0.08080000000000001, 0.0932, -0.0796, 0.06420000000000001, -0.068, 0.068, -0.019200000000000002, 0.0058000000000000005, 0.0496, -0.062400000000000004, 0.09680000000000001, -0.062200000000000005, -0.057800000000000004, 0.019600000000000003, 0.0684, -0.0694, 0.022200000000000004, -0.0646, -0.07740000000000001, -0.0952, 0.0732, 0.056600000000000004, -8.0E-4, -0.027200000000000002, 0.034800000000000005, -0.015600000000000001, 0.038200000000000005, 0.01, -0.0674, -0.0596, -0.0932, -0.041, -0.0704, 0.073, -0.0912, -0.09620000000000001, 0.0158, -0.006, 0.0346, -0.055200000000000006, 0.0476, 0.0684, 0.0028000000000000004, 0.022200000000000004, 0.0816, -0.0682, 0.0166, 0.09960000000000001, 0.0166, 0.0844, -0.036800000000000006, -0.031, 0.0668, -0.061, -0.08880000000000002, 0.0468, -0.067, -0.07060000000000001, -0.092, -0.022200000000000004, -0.09240000000000001, 0.094, 0.0206, 0.04440000000000001, -0.0108, -0.07479999999999999, 0.030400000000000003, 0.0714, -0.0728, -0.087, -0.0074, 6.000000000000001E-4, 0.08460000000000001, 0.0376, 0.0408, -0.0052, 0.0506, -0.0636, 0.083, 0.058, 0.0654, -0.0666, -0.07980000000000001, -0.0024000000000000002, -0.0478, 0.039200000000000006, 0.0018, 0.056400000000000006, 0.0468, -0.0918, 0.07160000000000001, 0.007, 0.030600000000000002, 0.0646, 0.08080000000000001, 0.097, -0.030400000000000003, -0.0044, -0.041, -0.06960000000000001, -0.0366, 0.013, -0.0884, 0.0144, 0.08460000000000001, -0.037399999999999996, -0.071, -0.0204, 0.0834, -0.0908, -0.012600000000000002, -0.0454, 0.0048000000000000004, 0.0114, 0.097, 0.045, -4.0E-4, 0.0088, -0.06760000000000001, -0.029, -0.0408, -0.0206, -0.0692, -0.0356, 0.06620000000000001, 0.07260000000000001, -0.017400000000000002, 0.042800000000000005, -0.033, -0.07740000000000001, 0.04240000000000001, 0.0386, -0.07540000000000001, -0.07479999999999999, -0.09880000000000001, -0.0324, -0.031200000000000002, -0.072, 0.0198, -0.018, 0.0678, 0.029400000000000003, 0.020200000000000003, 0.0476, -0.07060000000000001, 0.034800000000000005, 0.06380000000000001, 0.093, -0.023600000000000003, -0.038400000000000004, -0.0502, 0.0698, -0.0506, 0.011600000000000001, 0.0182, -0.06380000000000001, 0.056600000000000004, -0.05940000000000001, 0.07160000000000001, 0.062200000000000005, 0.062, 0.009200000000000002, 0.035800000000000005, -0.040400000000000005, 0.0704, -0.0936, -0.05280000000000001, -0.011200000000000002, 0.044800000000000006, -0.0496, 0.0442, 0.0318, -0.0724, -0.0732, -0.0558, -0.0714, -0.07980000000000001, -0.0648, -0.051800000000000006, 0.09440000000000001, -0.08360000000000001, -0.0142, 0.040400000000000005, 0.051800000000000006, -0.047400000000000005, -0.0456, -0.009600000000000001, -0.0436, 0.0512, 0.0328, 0.038200000000000005, 0.0456, 0.08180000000000001, 0.025400000000000002, 0.0476, -0.018600000000000002, 0.039200000000000006, -0.050800000000000005, -0.055600000000000004, -0.0816, 0.0296, 0.012600000000000002, 0.009200000000000002, 0.041, -0.018600000000000002, -0.05840000000000001, 0.016, 0.08360000000000001, -0.0104, 0.0722, -0.012, 0.08580000000000002, 0.0064, -0.029200000000000004, -0.008400000000000001, -0.0814, 0.0446, -0.0572, 0.004, 0.0284, 0.09280000000000001, 0.06380000000000001, 0.0872, -0.009200000000000002, 0.0302, -0.077, 0.039200000000000006, -0.008400000000000001, -0.05380000000000001, -0.06960000000000001, 0.04, -0.06760000000000001, 0.027600000000000003, 0.0014000000000000002, -0.055600000000000004, 0.09820000000000001, -0.0194, 0.0052, -0.0468, -0.0436, 0.0796, 0.0478, -0.003, -0.047400000000000005, -0.042800000000000005, -0.0194, -0.055200000000000006, -0.0018, -0.0522, 0.0122, 0.0274, -0.030600000000000002, 0.0576, -0.082, 0.0604, -0.0964, 0.022, 0.022600000000000002, 0.0108, -0.0824, -0.07940000000000001, -0.0606, 0.07379999999999999, 0.066, 0.0178, -0.0102, 0.07360000000000001, 0.0036, -0.027, -0.005, 0.002, 0.0994, 0.0728, -4.0E-4, -0.038400000000000004, -0.0194, -0.009600000000000001, -0.0718, -0.0786, -0.0256, -0.071, -0.07160000000000001, -0.0632, -0.0478, 0.07540000000000001, 0.0206, 0.020200000000000003, -0.07980000000000001, 0.0286, 8.0E-4, 0.048600000000000004, -0.003, 0.004600000000000001, 0.0082, -0.0324, 0.0036, 0.002, 0.061, 0.0178, -0.0674, 0.0992, -0.054, -0.044, 0.07660000000000002, -0.0942, 0.0796, -0.0154, 0.021400000000000002, 6.000000000000001E-4, 0.0656, -0.0322, -0.08020000000000001, 0.0714, 0.096, -0.0718, -0.031400000000000004, -0.0068000000000000005, -0.06180000000000001, -0.0882, 0.05240000000000001, -0.0238, 0.0682, 0.005600000000000001, -0.002, -0.008, -0.055600000000000004, -0.069, 0.0772, -0.0976, -0.052, 0.0636, 0.08360000000000001, -0.0148, 0.08360000000000001, 0.09280000000000001, -0.0022, -0.09980000000000001, 0.0678, -0.07940000000000001, -0.011, -0.0296, -0.0478, 0.06280000000000001, -0.051, -0.08480000000000001, 0.0844, 0.026400000000000003, -0.039, 0.09380000000000001, 0.008, 0.0874, 0.001, 0.0412, 0.06420000000000001, -0.08760000000000001, 0.014600000000000002, 0.0176, -0.0024000000000000002, 0.0466, 0.09, -0.08, 0.011600000000000001, 0.0058000000000000005, 0.047400000000000005, 0.095, 0.0572, 0.0054, -0.067, 0.05, -0.0832, -0.0892, -0.0078000000000000005, 0.025400000000000002, 0.06620000000000001, 0.07, -0.039400000000000004, -0.022400000000000003, 0.08560000000000001, -0.0024000000000000002, -0.0044, -0.06960000000000001, 0.038400000000000004, 0.018600000000000002, 0.0022, -0.096, 0.0918, 0.0684, 0.07579999999999999, 0.06760000000000001, -0.0952, -0.0134, -0.05040000000000001, 0.0176, 0.035, -0.009, 0.066, -0.015200000000000002, -0.014600000000000002, -0.026, -0.0094, 0.054200000000000005, 0.0984, -0.0322, 0.0804, 0.041, -0.037, 0.088, -0.0606, -0.009200000000000002, -0.0792, -0.047200000000000006, -0.0658, -0.0926, 0.0656, -0.097, 0.069, -0.057800000000000004, 0.019, 0.08780000000000002, 0.0922, -0.0636, 0.061, -0.0834, 0.0268, -0.04580000000000001, 0.001, 0.041, -0.0632, 0.0166, -0.0606, 0.0284, -0.057, -0.0228, -0.0422, 0.0144, -0.04580000000000001, -0.0568, -0.071, -0.09580000000000001, 0.042, 0.0804, -0.0284, -0.08680000000000002, 0.0974, -0.004, -0.09620000000000001, 0.0154, -0.0502, -0.07740000000000001, 0.0038000000000000004, 0.023200000000000002, -0.0198, 0.0158, -0.011800000000000001, 0.072, -0.09280000000000001, -0.033600000000000005, -0.05740000000000001, -0.013200000000000002, -0.0396, -0.046200000000000005, -0.094, -0.0792, -0.0966, 0.0872, -0.001, -0.0286, 0.0604, -0.027600000000000003, 0.07560000000000001, -0.050800000000000005, -0.097, -0.02, -0.0158, 0.04240000000000001, -0.010600000000000002, -0.0656, -0.0586, -0.085, -0.0576, 0.092, -0.07379999999999999, -0.038400000000000004, 0.057800000000000004, -0.08560000000000001, -0.07780000000000001, -0.047200000000000006, 0.074, 0.0324, 0.07680000000000001, 0.051800000000000006, 0.0198, -0.0246, 0.091, 0.0352, -0.039, 0.018600000000000002, 0.0114, 0.026400000000000003, 0.0104, 0.061, 0.0704, -0.06860000000000001, -0.0742, 0.0068000000000000005, -0.056, -0.015600000000000001, 0.048400000000000006, 0.0412, 0.094, -0.0646, 0.06760000000000001, -0.041, -0.0964, -0.053200000000000004, 0.049, 0.0572, -0.09620000000000001, -0.0842, 0.09280000000000001, -0.019, 0.0534, 0.0416, -0.03780000000000001, -0.07260000000000001, -0.0912, -0.016, -0.06620000000000001, -0.016800000000000002, -0.0408, 0.023, 0.049800000000000004, -0.026200000000000005, -0.09440000000000001, 0.001, 0.0692, -0.018400000000000003, -0.0572, 0.012, 0.005, 0.09340000000000001, 0.055400000000000005, 0.0596, 0.048, 0.0572, 0.06760000000000001, -0.0728, 0.028, 0.08180000000000001, 0.04, -0.0776, -0.0694, 0.0956, 0.0984, 0.062400000000000004, -0.006, -0.061200000000000004, -0.084, 0.07940000000000001, 0.0842, 0.0086, -0.012, -0.088, -0.0466, -0.053, -0.0238, 0.0328, -0.0694, -0.0016, -0.0088, -0.0402, -0.079, -0.014600000000000002, -0.0014000000000000002, 0.0994, 0.05240000000000001, 0.053, -0.021400000000000002, -0.0852, -0.007600000000000001, 0.06860000000000001, 0.087, -0.014600000000000002, 0.046400000000000004, 0.013, 0.0094, 0.09340000000000001, 0.0674, 0.0016, 0.0596, -0.060200000000000004, -0.0248, -0.0234, 0.0028000000000000004, 0.069, -0.048400000000000006, 0.0068000000000000005, 0.026200000000000005, -0.028200000000000003, -0.021200000000000004, 0.064, -0.058, 0.018600000000000002, 0.05140000000000001, -0.0188, -0.027600000000000003, 0.0762, -0.06280000000000001, 0.08860000000000001, 0.012600000000000002, -0.06860000000000001, 0.048600000000000004, 0.09440000000000001, 0.025, 0.0582, -0.0028000000000000004, -0.041800000000000004, 0.08380000000000001, 0.05280000000000001, 0.023200000000000002, 0.07, 0.0216, 0.0036, -0.08, -0.0488, 0.077, -0.0582, -0.098, -0.027200000000000002, 0.0018, 0.011, 0.086, 0.07880000000000001, -0.054, 0.06380000000000001, -0.011200000000000002, -0.0034000000000000002, 0.047, -0.089, -0.033, -0.051, -0.0038000000000000004, -0.005600000000000001, -0.0568, -0.047, -0.0596, 0.024200000000000003, -0.0772, -0.0356, 0.0352, -0.056400000000000006, -0.0898, 0.0194, 0.045, 0.0596, -0.0244, -0.0432, -0.06080000000000001, -0.014600000000000002, -0.031200000000000002, -0.066, 0.063, -0.04440000000000001, -0.039200000000000006, -0.0786, 0.05040000000000001, 0.08180000000000001, 0.04340000000000001, -0.063, -0.07560000000000001, -0.0862, -0.0376, -0.07060000000000001, 0.0216, -0.0842, 0.07740000000000001, -0.08180000000000001, 0.063, 0.0682, 0.0512, -0.09540000000000001, -0.09780000000000001, 0.025, 0.0714, 0.040600000000000004, 0.0712, -0.0692, 0.0028000000000000004, -0.03, -0.09540000000000001, -0.0284, 0.0164, -0.013800000000000002, -0.0492, -0.0488, 0.004, -0.0648, -0.0048000000000000004, 0.09440000000000001, 0.025400000000000002, -0.077, 0.0582, 0.0018, -0.0332, -0.08, 0.054400000000000004, 0.053, 0.0468, 0.0086, -0.0892, -0.0824, 0.0742, 0.0994, -0.050800000000000005, -0.037200000000000004, 0.0398, 0.0412, 0.0804, 0.07640000000000001, -0.033, -0.019, 0.056400000000000006, 0.062200000000000005, 0.08480000000000001, -0.08220000000000001, 0.0446, 0.022600000000000002, 0.08380000000000001, -0.0918, 0.0284, -0.04440000000000001, -0.09540000000000001, 0.05280000000000001, 0.084, -0.036800000000000006, -0.011800000000000001, -0.0792, 0.082, -0.0898, -0.046400000000000004, -0.0786, -0.08940000000000001, -0.08860000000000001, 0.05240000000000001, 0.011200000000000002, 0.0596, 0.06960000000000001, 0.0782, -0.071, -0.06420000000000001, 0.099, 0.0678, 0.055, 0.0842, -0.0238, 0.07880000000000001, 0.042, -0.009, 0.038, -0.0288, -0.091, 0.0824, 0.0502, 0.0164, -0.0446, 0.087, -0.09240000000000001, 0.09340000000000001, -0.06860000000000001, -0.0974, -0.09960000000000001, -0.06420000000000001, -0.069, -0.06, 0.057, 0.07740000000000001, 0.091, -0.0682, 0.047400000000000005, 0.0122, -0.051800000000000006, -0.0668, -0.0952, 0.04240000000000001, 0.072, 0.0016, 0.057800000000000004, -0.062, -0.054, -0.0128, 0.073, -0.0734, -0.030400000000000003, 0.019, 0.049400000000000006, -0.030600000000000002, -0.01, -0.0684, 0.026400000000000003, -0.055400000000000005, -0.0172, -0.05, 0.030600000000000002, -0.0354, 0.056, -0.0036, 0.064, 0.04440000000000001, 0.06380000000000001, 0.032, 0.0984, 0.078, -0.0162, -0.0108, 0.08380000000000001, 0.0772, 0.079, -0.0296, 0.06080000000000001, 0.0122, 0.0346, -0.0114, -0.069, 0.05140000000000001, 0.0898, 0.044, 0.0626, 0.026200000000000005, 0.06, 0.0114, 0.07880000000000001, -0.05840000000000001, -0.044, 0.047, -0.0852, -0.0048000000000000004, -0.098, 0.0596, -0.012600000000000002, 0.0456, -6.000000000000001E-4, -0.0454, -0.0592, 0.0274, -0.0344, -0.067, 0.032, 0.039200000000000006, 0.026, -0.05380000000000001, -0.049400000000000006, -0.0946, 0.0734, -0.0898, 0.0476, -0.014, -0.0668, -0.0992, 0.08480000000000001, -0.0548, 6.000000000000001E-4, 0.029400000000000003, -0.0874, 0.07940000000000001, 0.0068000000000000005, 0.0728, -0.074, 0.039200000000000006, -0.0862, 0.08680000000000002, -0.048, 0.066, -0.0704, -0.0244, 0.021, 0.0586, -0.046400000000000004, 0.0148, -0.0058000000000000005, -0.0354, -0.07540000000000001, -0.0732, 0.097, -0.09040000000000001, -0.054200000000000005, -0.002, 0.095, -0.011600000000000001, -0.049800000000000004, 0.0148, -0.040400000000000005, 0.0456, -0.0082, -0.0898, 0.08660000000000001, -0.05840000000000001, 0.0708, 0.05280000000000001, -0.0422, 0.06380000000000001, 4.0E-4, 0.05280000000000001, 0.0964, 0.0218, -0.08860000000000001, 0.047200000000000006, -0.033, 0.0648, 0.0496, 0.0058000000000000005, 0.004600000000000001, -0.0936, 0.027800000000000002, -0.0018, -0.06620000000000001, 0.0026, 0.0258, 0.0366, -0.072, 0.05940000000000001, -0.0332, 0.055400000000000005, 0.09, 0.0796, 0.0694, -0.030600000000000002, -0.046400000000000004, 0.094, -0.08780000000000002, 0.07980000000000001, -0.059800000000000006, 0.017400000000000002, -0.019200000000000002, -0.0614, -0.0256, 0.07880000000000001, 4.0E-4, -0.0198, 0.0346, -0.0234, 0.031, -0.08580000000000002, -0.07640000000000001, 0.044, 0.062400000000000004, -0.06, -0.0526, -0.09480000000000001, 0.09, -0.0546, 0.0288, -0.07780000000000001, 0.0852, -0.016, -0.085, 0.025, 0.0456, -0.0176, 0.0572, 8.0E-4, 0.026200000000000005, 0.043800000000000006, -0.08460000000000001, -0.031400000000000004, -0.07260000000000001, 0.04580000000000001, 0.045200000000000004, -0.0854, -0.013200000000000002, -0.01, -0.0422, -8.0E-4, -0.09620000000000001, 0.079, 0.023, -0.031200000000000002, -0.0614, -0.0502, -0.009200000000000002, 0.027800000000000002, -0.0616, 0.055600000000000004, 0.08360000000000001, -0.041400000000000006, 0.0158, -0.0912, -0.0302, -0.031, -0.09780000000000001, 0.079, -0.093, -0.0258, 0.049400000000000006, 0.063, 0.039400000000000004, -0.064, 0.08580000000000002, 0.054400000000000004, 0.033600000000000005, -0.0946, 0.0248, 0.0346, -0.014, -0.0402, -0.056, -0.08880000000000002, 0.0104, -0.06380000000000001, 0.011600000000000001, -0.0234, 8.0E-4, 0.007600000000000001, -0.0122, 0.044, 0.005, 0.0362, -0.0702, 0.07579999999999999, -0.043, 0.0496, -0.0454, 0.0772, 0.0546, 0.0492, 0.0064, -0.0442, -0.0922, -0.027200000000000002, 0.02, -0.083, -0.0534, 0.0244, 0.0908, -0.049, -0.09780000000000001, -0.042800000000000005, 0.0172, 0.09380000000000001, -0.023600000000000003, -0.0842, -0.0044, 0.0558, -0.039200000000000006, -0.0862, 0.0616, -0.081, 0.0842, -0.0762, 0.0626, -0.06620000000000001, 0.0356, -0.0616, -0.086, -0.0548, -0.0468, 0.009200000000000002, 0.055200000000000006, 0.04440000000000001, -0.0246, 0.038400000000000004, 0.08660000000000001, 0.0712, 0.0426, 0.007600000000000001, 0.025400000000000002, -0.0792, -0.0122, 0.051, 0.029400000000000003, -0.083, 0.06340000000000001, 0.025400000000000002, -0.0078000000000000005, -0.091, -0.0122, -0.0626, -0.0064, -0.0558, -0.038, 0.0064, 0.064, -0.06, 0.020200000000000003, 0.008400000000000001, -0.061200000000000004, 0.043, 0.0128, -0.062200000000000005, 0.05280000000000001, 0.0036, 0.08, -0.0892, -0.0964, 0.049400000000000006, 0.0864, -0.0722, 0.03, -0.09280000000000001, -0.0582, 0.0806, 0.062200000000000005, -0.047200000000000006, 0.0826, -0.08580000000000002, -0.0342, -0.078, -0.025, -0.041800000000000004, -0.0844, -0.07640000000000001, 0.0918, 0.037200000000000004, -0.004, 0.048, 0.078, 0.0054, -0.09680000000000001, 0.086, 0.016800000000000002, -0.026400000000000003, 0.081, 0.025400000000000002, 0.05740000000000001, -0.098, -0.09240000000000001, -0.06080000000000001, -0.004, -0.0762, 0.0974, 0.01, 0.037399999999999996, -0.07440000000000001, 0.0718, -0.049, -0.0668, -0.086, -0.0824, 0.006, -0.0288, 0.09240000000000001, -0.092, 0.0318, 0.0966, 0.0512, 0.0062, -0.054, 0.0918, -0.048600000000000004, 0.044800000000000006, 0.036800000000000006, 0.0108, -0.0636, 0.013200000000000002, -0.06080000000000001, 0.06180000000000001, -0.0148, -0.0082, -0.058, -0.0328, -0.011600000000000001, -0.092, 0.0918, 0.056600000000000004, 0.095, -0.018, -0.0718, 0.091, 0.0796, -0.041, 0.048600000000000004, -0.043800000000000006, 0.0534, -0.0492, -0.019, 0.011200000000000002, -0.061, -0.08940000000000001, 0.08020000000000001, -0.0074, -2.0E-4, -0.09860000000000001, -0.0654, 0.04580000000000001, 0.0436, -0.025, -0.07780000000000001, -0.07360000000000001, 0.085, -0.053, -0.056, -0.08760000000000001, 0.0936, -0.0704, 0.094, -0.018, 0.04340000000000001, -0.019200000000000002, 0.094, 0.0844, 0.049400000000000006, -0.097, 0.0328, -0.08960000000000001, 0.0658, 0.011200000000000002, -0.017, -0.0416, -0.05940000000000001, -0.0796, -0.0908, 0.035800000000000005, -0.07379999999999999, 0.0436, 0.09580000000000001, -0.0936, -0.008400000000000001, 0.031200000000000002, 0.0992, -0.012, -0.0284, -0.0664, 0.0522, 0.0604, 0.0468, 0.0752, -0.011200000000000002, 0.07780000000000001, -0.041800000000000004, 0.0412, 0.08220000000000001, -0.034800000000000005, -0.009600000000000001, -0.0308, -0.0204, -0.092, 0.018400000000000003, 0.068, -0.0422, 0.0596, -0.0994, 0.069, -0.0976, -0.033800000000000004, -0.018400000000000003, 0.0416, -0.0054, 0.029, 0.0526, -0.027200000000000002, -0.030400000000000003, -0.0732, 0.08480000000000001, 0.0148, -0.0388, 0.022, 0.0952, -0.09480000000000001, 0.0852, 0.0692, -0.067, -0.0436, 0.041, 0.011, 0.046400000000000004, -0.083, 0.08280000000000001, 0.0534, 0.05740000000000001, 0.0408, -0.056, -0.0296, -0.0814, -0.0918, -0.078, 0.07640000000000001, 0.085, -0.0688, -0.025400000000000002, -0.0432, -0.0546, 0.062200000000000005, 0.0526, -0.0102, -0.085, 0.0718, -0.0246, 0.051800000000000006, -0.0328, 0.029200000000000004, -0.09380000000000001, -0.0388, 0.06760000000000001, -0.038, -0.0364, -0.0446, -0.028200000000000003, 0.0308, -0.0832, 0.045200000000000004, -0.0422, 0.08760000000000001, 0.0946, -0.07780000000000001, 0.004200000000000001, -0.0044, 0.010600000000000002, -0.0912, 0.0216, -0.0034000000000000002, -0.0526, 0.082, 0.0482, 0.006600000000000001, -0.04, 0.0018, 0.0882, -0.0922, 0.0238, -0.09860000000000001, -0.0974, -0.0776, 0.0792, 0.030600000000000002, 0.046, -0.08360000000000001, -0.0712, -0.022600000000000002, 0.09960000000000001, -0.0476, 0.0148, 0.0396, -0.0648, 0.0018, -0.05740000000000001, -0.0912, -0.07579999999999999, -0.034, -0.019600000000000003, 0.087, 0.0142, -0.0732, 0.0332, -0.06280000000000001, -0.089, -0.0742, -0.047, -0.0658, -0.057800000000000004, 0.0576, -0.09960000000000001, -0.0198, -0.087, -0.038, 0.05040000000000001, 0.0964, 0.07379999999999999, -0.0496, 0.009600000000000001, 0.039400000000000004, 0.038200000000000005, 0.0, -0.038400000000000004, -0.046, -0.0258, 0.046400000000000004, -0.0238, 0.019600000000000003, -0.09160000000000001, -0.012, -0.0922, -0.069, 0.0322, 0.0572, -0.09880000000000001, -0.014600000000000002, 0.071, -0.034800000000000005, 0.039400000000000004, -0.0862, -0.030400000000000003, 0.09160000000000001, 0.003, -0.0964, -0.041, -0.0854, 0.0654, 0.0534, 0.011, -0.0328, 0.05, 0.038200000000000005, -0.0708, -0.0308, -0.018600000000000002, -0.0722, 0.029200000000000004, -0.0334, -0.0606, -0.04340000000000001, 0.079, -0.041800000000000004, 0.09720000000000001, -0.016, 0.037399999999999996, -0.040600000000000004, -0.0302, 0.0018, -0.07360000000000001, 0.06420000000000001, 0.031400000000000004, 0.024200000000000003, 0.058, 0.027, -0.09440000000000001, -0.0796, 0.0664, 0.065, 0.08480000000000001, 0.06380000000000001, 0.0352, -0.066, -0.0172, 0.07560000000000001, 0.0852, 0.0286, -0.079, 0.0806, 0.076, -0.012600000000000002, 0.042, 0.0158, 0.057, 0.05280000000000001, 0.0164, 0.0362, 0.06, 0.0044, -0.013, -0.08860000000000001, -0.05240000000000001, -0.007600000000000001, 0.012600000000000002, 0.0054, -0.051800000000000006, 0.07740000000000001, 0.0884, -0.0678, 0.0806, -0.0356, 0.094, 0.08780000000000002, 0.046400000000000004, 0.09960000000000001, 0.018, 0.08180000000000001, -0.08960000000000001, 0.058800000000000005, -0.07980000000000001, 0.09440000000000001, -0.0038000000000000004, -0.05940000000000001, 0.018, 0.097, 0.08780000000000002, -0.0026, -0.07980000000000001, 0.0102, -0.013600000000000001, 0.0094, -0.09980000000000001, -0.04580000000000001, -0.0512, 0.0204, 0.06520000000000001, -0.03, -0.07640000000000001, -0.035, 0.0342, 0.04, -0.054400000000000004, -0.0176, -0.0992, 0.0522, 0.04440000000000001, 0.043800000000000006, 0.09780000000000001, 0.049400000000000006, 0.0332, 0.0974, -0.034800000000000005, -0.09820000000000001, 0.018, -0.0456, 0.04440000000000001, 0.055, -0.009600000000000001, 0.075, 0.07660000000000002, 0.0704, 0.005, -0.052, 0.09620000000000001, 0.0974, -0.013600000000000001, -0.0834, -0.0206, -0.067, -0.0412, 0.071, 0.063, -0.07260000000000001, 0.05240000000000001, 0.08780000000000002, 0.0124, -0.055200000000000006, 0.08360000000000001, 0.026200000000000005, -0.0694, 0.0946, 0.035, -0.0034000000000000002, 0.091, 0.08560000000000001, -0.0054, 0.043, 0.069, -0.013200000000000002, 0.0468, -0.037399999999999996, -0.0512, -0.0446, 0.053, -0.0722, -0.097, -0.0582, -0.027600000000000003, -0.029, 0.08760000000000001, 0.028, 0.0014000000000000002, -0.0704, -0.0776, 0.08960000000000001, 0.0882, 0.0976, 0.0024000000000000002, -0.0296, 0.015, -0.0134, -0.0028000000000000004, -0.004200000000000001, -0.0298, 0.038400000000000004, -0.06860000000000001, 0.013200000000000002, -0.0206, 0.0082, 0.0912, 0.05240000000000001, 0.0176, 0.042, -0.03780000000000001, 0.031, 0.015, 0.036800000000000006, 0.044, -0.09680000000000001, 0.0036, -0.078, -0.0892, -0.032600000000000004, 0.050800000000000005, -0.0026, 0.08080000000000001, -0.07460000000000001, -0.07160000000000001, -0.0346, -0.07540000000000001, -0.0342, -0.0562, -0.003, 0.0318, 0.08580000000000002, -0.09240000000000001, 0.08, -0.0476, -0.1, 0.047, -0.0234, 0.09240000000000001, -0.0854, -0.09480000000000001, 0.06, -0.0016, 0.011200000000000002, 0.0708, 0.046200000000000005, -0.053, 0.07379999999999999, 0.0492, -0.0918, -0.0094, -0.0016, 0.07640000000000001, -0.0804, 0.0806, -0.0078000000000000005, -0.09540000000000001, -0.08, 0.0898, 0.0874, -0.024200000000000003, 0.019600000000000003, 0.030600000000000002, 0.06960000000000001, -0.029, 0.09160000000000001, 0.0102, 0.008, -0.0442, -0.0844, 0.0346, 0.056600000000000004, -0.0088, -0.0626, 0.09480000000000001, -0.0022, -0.08680000000000002, 0.081, 0.09780000000000001, 0.022600000000000002, -0.08080000000000001, -0.08660000000000001, 0.08280000000000001, -0.045200000000000004, -0.0666, -0.048400000000000006, -0.0502, 6.000000000000001E-4, 0.021400000000000002, -0.08, -0.0974, -0.1, -0.091, -0.013600000000000001, 0.004200000000000001, 0.0402, 0.097, -0.074, 0.08680000000000002, 0.0792, -0.0124, 0.040600000000000004, -0.036800000000000006, 0.0018, 0.08280000000000001, -0.07160000000000001, 0.083, 0.0148, -0.07660000000000002, -0.0158, 0.0668, 0.008, -0.0852, 0.0412, 0.0094, -0.005600000000000001, -0.0932, 0.0814, 0.009600000000000001, 0.0786, -0.07379999999999999, -0.050800000000000005, 0.041, 0.09720000000000001, 0.016800000000000002, 0.079, 0.0814, 0.0268, 0.0342, 0.064, -0.047, 0.067, -0.0194, 0.022, -0.0936, 0.079, 0.03, -0.024200000000000003, -0.0398, -0.0522, 0.0052, 0.0682, -0.0014000000000000002, 0.0124, -0.07660000000000002, 0.07460000000000001, -0.038200000000000005, 0.021, -0.0028000000000000004, -0.0012000000000000001, 0.09860000000000001, -0.01, -0.047, 0.0124, 0.0644, 0.0446, -0.020200000000000003, 0.07479999999999999, -0.045, 0.043800000000000006, -0.0014000000000000002, -0.04340000000000001, -0.015600000000000001, 0.015600000000000001, 0.0122, -0.012, 0.027800000000000002, 0.0976, -0.0572, 0.0476, 0.0164, -0.0832, 0.0882, 2.0E-4, 0.034800000000000005, -0.002, 0.0068000000000000005, -0.07440000000000001, 0.06620000000000001, -0.0468, 0.0548, -0.083, -0.0994, 0.0646, 0.0864, 0.0034000000000000002, 0.054400000000000004, 0.0436, 0.0844, 0.057800000000000004, -0.053, 0.055, 0.042, 0.0376, 0.032, 0.0636, -0.08280000000000001, -0.036800000000000006, 0.006600000000000001, 0.09040000000000001, 0.040600000000000004, -0.057, -0.07680000000000001, -0.097, -0.013600000000000001, 0.07260000000000001, 0.010600000000000002, -0.0178, 0.014600000000000002, -0.036800000000000006, -0.0884, 0.07840000000000001, -0.084, -0.0178, 0.0032, -0.040400000000000005, 0.08220000000000001, 0.091, 0.048, 0.027, 0.0166, -0.073, 0.08180000000000001, 0.0416, -0.09480000000000001, 0.0332, 0.055400000000000005, 0.040600000000000004, -0.0548, 0.0244, 0.0932, 0.062, 0.08080000000000001, -0.0664, -0.09860000000000001, -0.06420000000000001, 0.015, 0.029400000000000003, 0.0318, 0.010600000000000002, -0.047, 0.039400000000000004, 0.07579999999999999, -0.06720000000000001, -0.0752, 0.07360000000000001, -0.049400000000000006, 0.0072, -0.0342, -0.04340000000000001, -0.06860000000000001, 0.021200000000000004, 0.015, 0.081, 0.08940000000000001, 0.050800000000000005, -0.026200000000000005, 0.096, -0.09540000000000001, 0.026200000000000005, 0.0604, -0.07660000000000002, -0.06420000000000001, -0.0024000000000000002, -0.0044, 0.0606, -0.08120000000000001, 0.09720000000000001, -0.075, -0.092, -0.062200000000000005, -0.047, 0.0342, 0.084, -0.002, 0.018400000000000003, 0.013200000000000002, -0.043, -0.08360000000000001, 0.047, -0.0586, -0.0492, 0.0398, 0.027600000000000003, 0.048, -0.0366, -0.047200000000000006, -0.0908, 0.026200000000000005, 0.0334, 0.047200000000000006, 0.08680000000000002, 0.0456, -0.08560000000000001, -0.09440000000000001, -0.0322, 0.07640000000000001, 0.009600000000000001, 0.0286, 0.007600000000000001, -0.06280000000000001, 0.0052, -0.058800000000000005, 0.098, -0.09540000000000001, -0.09980000000000001, 0.009800000000000001, 0.0052, -0.07680000000000001, 0.061200000000000004, -0.047, -0.0692, 0.03780000000000001, -0.029, 0.0436, 0.053, -0.0864, 0.066, -0.0468, -0.0188, -0.0322, -0.037399999999999996, -0.046, -0.0718, -0.0712, -0.0862, -0.0198, 0.09280000000000001, -0.0864, -0.0064, -0.07740000000000001, -0.0058000000000000005, 0.007600000000000001, -0.07460000000000001, 0.06080000000000001, -0.042800000000000005, -0.0666, 0.0728, 0.047400000000000005, 0.0128, 0.07940000000000001, 0.07479999999999999, -0.051800000000000006, 0.0688, -0.089, 0.011, 0.041800000000000004, -0.0142, -0.0772, -0.06380000000000001, 0.09160000000000001, 0.0666, 0.0288, 0.0636, 0.08020000000000001, -0.001, -0.067, -0.08480000000000001, -0.008400000000000001, 0.054400000000000004, 0.09340000000000001, -0.058800000000000005, -0.0814, 0.07360000000000001, 0.006, -0.0286, 0.0058000000000000005, -0.031200000000000002, -0.09340000000000001, -0.06960000000000001, -0.0476, -0.004600000000000001, -0.05240000000000001, 0.0412, -0.0144, 0.0036, 0.0772, 0.039400000000000004, -0.0154, 0.06520000000000001, -0.022, -0.061, -0.023, -0.09680000000000001, -0.044800000000000006, -0.004, 0.0946, -0.0416, 0.0432, -0.0176, 0.0816, 0.0032, 0.0386, -0.032600000000000004, -0.0172, -0.0258, -0.0824, -0.08280000000000001, -0.09880000000000001, 0.0014000000000000002, -0.0926, -0.0356, 0.047400000000000005, 0.092, -0.0952, -0.009600000000000001, -0.0386, 0.084, 0.0386, -0.028200000000000003, -4.0E-4, -0.0234, -0.07, 0.08680000000000002, -0.0604, -0.06720000000000001, -0.08280000000000001, 0.072, 0.0122, -0.048600000000000004, 0.08120000000000001, -0.07360000000000001, 0.0182, 0.054, -0.09140000000000001, -0.0664, 0.05380000000000001, 0.04580000000000001, 0.07740000000000001, -0.039, -0.06720000000000001, -0.048400000000000006, 0.0208, 0.066, -0.028200000000000003, -0.009800000000000001, 8.0E-4, -0.039200000000000006, 0.0668, 0.0158, 0.08480000000000001, 0.0014000000000000002, 0.025200000000000004, 0.07940000000000001, 0.0284, -0.09280000000000001, -0.0142, -0.047400000000000005, 0.060200000000000004, 0.055, -0.056600000000000004, -0.0734, 0.08360000000000001, 0.0072, -0.0946, -0.018400000000000003, -0.0234, 0.0124, -0.038400000000000004, -0.0328, 0.0162, 0.030600000000000002, -0.006600000000000001, -0.031400000000000004, 0.0688, -0.0722, 0.1, -0.0718, 0.021200000000000004, 0.025, -0.06860000000000001, -0.022200000000000004, -0.07540000000000001, 0.0176, 0.084, 0.0568, 0.08460000000000001, -0.0596, -0.015200000000000002, -0.009200000000000002, -0.0562, -0.09720000000000001, -0.037, -0.0682, -0.049400000000000006, 0.0344, -0.0582, 0.0454, 0.0568, -0.051800000000000006, -0.0714, -0.07440000000000001, -0.071, -0.0536, -0.041800000000000004, -0.08120000000000001, -0.0356, 0.07640000000000001, -0.052, 0.017400000000000002, 0.088, 0.011800000000000001, 0.09340000000000001, -0.044800000000000006, -0.074, 0.03780000000000001, -0.0062, -0.055, -0.0786, 0.098, 0.017400000000000002, -0.0188, -0.0034000000000000002, 0.07780000000000001, -0.0862, -0.0354, -0.08780000000000002, -0.0596, -6.000000000000001E-4, 0.0648, 0.0334, -0.036, -0.0466, 0.026600000000000002, -0.09060000000000001, -0.0162, 0.020200000000000003, -0.07160000000000001, 0.072, -0.022200000000000004, 0.0426, 0.004200000000000001, -0.006600000000000001, 0.0902, 0.0148, -0.0148, -0.03780000000000001, 0.0674, 0.0506, 0.0172, -0.021, 0.09440000000000001, 0.054, -0.030600000000000002, 0.059, -0.0018, 0.0032, 0.045, -0.047400000000000005, -0.07940000000000001, -0.027, 0.07660000000000002, -0.088, -0.0018, -0.0352, 0.005600000000000001, -0.047400000000000005, -0.058800000000000005, -0.016, -0.07980000000000001, 0.078, -0.0258, 0.0182, 0.033, -0.075, -0.027200000000000002, -0.0468, -0.087, -0.06720000000000001, 2.0E-4, -0.0114, 0.002, 0.023, 0.055, 0.083, -0.032, -0.0724, 0.035, -0.074, 0.0864, 0.053200000000000004, -0.0644, 0.0994, 0.042800000000000005, 0.027600000000000003, 0.084, -0.0478, -0.0478, -0.009600000000000001, -0.0782, -0.040400000000000005, -0.0926, -0.08280000000000001, -0.07680000000000001, -0.022400000000000003, -0.015600000000000001, 0.025400000000000002, 0.019600000000000003, -0.0122, -0.012, -0.0874, -0.0492, -0.0892, -0.0558, 0.0952, -0.06, 0.0776, 0.0354, -0.0572, 0.0328, -0.062200000000000005, -0.0038000000000000004, -0.0426, 0.0614, 0.07660000000000002, 0.026200000000000005, 0.09440000000000001, 0.083, 0.0352, -0.056, -0.0366, -0.06720000000000001, -0.0036, 0.092, -0.0488, 0.033, -0.037, 0.07479999999999999, 0.041, -0.0926, -0.0506, 0.0844, -0.0386, 0.021, 0.016800000000000002, 0.09380000000000001, 0.072, 0.0824, 0.079, -0.0356, -0.0918, -0.046, -0.0592, -0.0124, 0.0478, -0.0052, -0.0468, -0.0122, 0.07640000000000001, 0.0364, -0.0658, 0.09040000000000001, -0.0898, 0.046, -0.0038000000000000004, -0.0586, -0.042, 0.0586, -0.0028000000000000004, -0.053, 0.0994, -0.097, -0.046, -0.022400000000000003, 0.0402, 0.0198, -0.0936, 0.058800000000000005, -0.07940000000000001, -0.0058000000000000005, 0.0014000000000000002, -0.055600000000000004, -0.028200000000000003, -0.07479999999999999, 0.0572, 0.0128, -0.018400000000000003, -0.0158, -0.07479999999999999, -0.08, 0.056400000000000006, -0.07, 0.0036, 0.032600000000000004, 0.0298, -0.019600000000000003, 0.0606, 0.08480000000000001, 0.0204, 0.035800000000000005, 0.07980000000000001, -0.0534, 0.09680000000000001, -0.015200000000000002, 0.08080000000000001, -0.044, -0.07640000000000001, 0.06720000000000001, 0.07840000000000001, -0.06860000000000001, 0.0752, 0.08780000000000002, -0.0844, -0.0688, -0.029, -0.09480000000000001, 0.09440000000000001, -0.09060000000000001, -0.07460000000000001, 0.05380000000000001, 0.0656, 0.050800000000000005, 0.047400000000000005, -0.0854, -0.09540000000000001, 0.057800000000000004, 0.0912, -0.025, 0.053, -0.031200000000000002, 0.025400000000000002, 0.06420000000000001, -0.016, 0.0354, -0.05740000000000001, -0.045200000000000004, 0.0636, -0.034, 0.0534, 0.07560000000000001, -0.025200000000000004, 0.08760000000000001, 0.0068000000000000005]